CACHE type 5 produced by analog 6.0/Unix. Do not modify or delete!
T	0	0	1396	107	22	255	35381130
D	29304983	29320540
20350	196	6	6	6982
20350	199	1	0	1745
20350	200	105	5	3921302
20350	201	39	10	369395
20350	202	15	4	595987
20350	218	139	4	4040235
20350	219	88	2	2663926
20350	220	88	2	2663915
20350	229	13	3	102247
20350	233	48	3	1359381
20350	242	2	2	25667
20350	246	2	2	12833
20350	248	2	1	12863
20350	262	92	3	2383829
20350	264	33	3	554375
20350	268	8	1	38972
20350	269	10	0	85798
20350	271	5	0	37330
20350	274	1	1	146836
20350	283	2	0	26266
20350	286	3	0	43259
20350	287	1	1	148180
20351	6	2	0	29850
20351	7	3	0	48109
20351	10	4	1	159885
20351	13	1	0	10656
20351	14	4	0	46279
20351	15	7	0	73098
20351	16	8	0	103259
20351	17	2	0	24918
20351	18	1	0	10649
20351	19	2	0	21319
20351	20	2	0	30267
20351	21	10	0	65313
20351	22	1	0	10653
20351	23	1	0	10647
20351	24	2	0	10697
20351	25	4	0	56562
20351	26	5	0	67902
20351	27	1	0	51
20351	28	1	0	10646
20351	29	2	1	14307
20351	30	1	0	10652
20351	31	1	0	10660
20351	32	3	0	35604
20351	33	2	0	10665
20351	34	3	0	32599
20351	35	2	0	10670
20351	36	1	0	14308
20351	37	1	0	10650
20351	38	2	0	24909
20351	39	2	0	24915
20351	40	1	0	14385
20351	41	1	0	10651
20351	42	1	0	10644
20351	43	3	0	22568
20351	44	2	0	21307
20351	45	1	0	10720
20351	46	1	0	10650
20351	47	1	0	10659
20351	49	2	0	21310
20351	50	1	0	10656
20351	52	2	0	25474
20351	53	1	0	10646
20351	54	1	0	10647
20351	55	1	0	10647
20351	56	1	0	10652
20351	57	34	1	741227
20351	58	1	0	14697
20351	59	2	0	21289
20351	60	2	0	11258
20351	61	3	0	22571
20351	62	2	0	10392
20351	63	8	0	103230
20351	64	1	0	10652
20351	65	1	0	10646
20351	66	1	0	10653
20351	67	2	0	21300
20351	68	3	0	50925
20351	69	3	0	48633
20351	70	3	0	35605
20351	71	1	0	10657
20351	72	2	0	21341
20351	73	2	0	25655
20351	74	2	0	21314
20351	75	2	0	21033
20351	76	1	0	38
20351	77	2	0	11667
20351	78	4	0	62934
20351	79	1	0	10648
20351	80	3	0	48646
20351	81	1	0	14275
20351	82	1	0	10646
20351	83	2	0	22008
20351	85	2	0	21298
20351	86	2	0	37983
20351	87	1	0	10647
20351	88	2	0	25418
20351	89	2	0	21291
20351	90	3	0	31963
20351	91	1	0	10656
20351	92	2	0	21331
20351	93	3	0	31970
20351	94	1	0	10653
20351	95	1	0	10370
20351	96	2	0	25453
20351	97	1	0	10659
20351	98	2	0	21299
20351	99	1	0	10661
20351	100	3	0	31972
20351	101	1	0	10644
20351	102	1	0	14235
20351	103	2	0	24956
20351	104	1	0	14299
20351	105	2	0	21311
20351	106	1	0	10665
20351	108	1	0	10661
20351	109	1	0	1015
20351	110	1	0	38
20351	120	1	0	10647
20351	126	1	0	10659
20351	128	1	1	12837
20351	132	3	0	31954
20351	134	1	0	13805
20351	135	1	0	14288
20351	136	2	0	21304
20351	137	1	0	10650
20351	138	1	0	10655
20351	141	1	0	10653
20351	147	3	1	352056
20351	148	1	0	337476
20351	150	5	1	301742
20351	151	1	0	10664
20351	152	1	0	10654
20351	153	1	0	10657
20351	154	1	0	10645
20351	155	1	0	10661
20351	174	1	0	10648
20351	175	3	1	360971
20351	176	1	0	14355
20351	177	1	0	14694
20351	179	1	0	14821
20351	182	1	1	12832
20351	195	2	1	14577
20351	209	2	1	14580
20351	215	1	0	10647
20351	229	2	1	350313
20351	249	1	1	12844
20351	250	1	1	12828
20351	265	2	2	25666
20351	273	1	1	12839
20352	20	2	1	350305
20352	61	1	1	148180
20352	70	1	1	146836
20352	79	1	0	24
20352	94	1	1	148180
20352	123	1	0	11290
20352	145	1	0	3180
20352	198	1	0	10649
20352	199	69	1	1661198
20352	200	9	0	89506
20352	201	5	0	196121
20352	202	6	0	67531
20352	203	5	0	53288
20352	204	3	0	31953
20352	205	4	0	42609
20352	206	3	0	35604
20352	207	4	0	52970
20352	208	5	0	48356
20352	209	3	0	59981
20352	210	6	0	54267
20352	211	2	0	21297
20352	212	4	0	42355
20352	213	5	0	172147
20352	214	3	0	39267
20352	215	5	0	60638
20352	216	7	0	60035
20352	217	4	0	50500
20352	218	5	0	61049
20352	219	2	0	143916
20352	220	5	0	2197646
20352	221	4	0	45990
20352	222	8	0	314231
20352	223	3	0	21900
20352	224	3	0	46512
20352	227	1	0	14693
20352	228	4	0	30265
20352	229	3	0	50778
20352	230	3	0	67722
20352	233	1	0	10666
20352	234	4	0	55073
20352	235	2	0	21954
20352	236	3	0	22686
20352	253	1	1	12837
20352	255	1	1	12842
20352	261	1	0	24
20352	266	2	2	25666
20353	34	1	0	10658
20353	36	1	0	51
20353	55	1	0	20
20353	72	1	0	22
20353	83	1	0	24
20353	91	2	0	15107
20353	102	1	1	0
20353	103	1	0	10652
20353	118	1	0	14383
20353	131	2	1	23490
20353	153	1	0	38
20353	161	1	0	11285
20353	174	1	0	10653
20353	204	1	0	24
20353	247	1	0	10653
20353	249	2	1	350310
20353	259	1	0	14655
20353	274	1	0	10645
20354	30	1	0	10646
20354	53	1	0	10657
20354	109	1	0	14301
20354	149	1	0	24
20354	163	1	0	10650
20354	172	1	0	24
20354	173	2	1	23489
20354	184	1	0	10650
20354	192	1	0	10650
20354	193	1	0	21
20354	196	1	0	10659
20354	198	1	0	10662
20354	199	1	0	10649
20354	200	2	1	23492
20354	203	1	0	10652
20354	205	1	0	10658
20354	206	1	0	10647
20354	208	1	0	10669
20354	210	1	0	10663
20354	211	1	0	10665
20354	212	1	0	10649
20354	214	1	0	10646
20354	216	1	0	10645
20354	218	1	0	10658
20354	223	1	0	10651
20354	245	1	0	14296
20354	250	2	2	25672
20354	251	2	1	23487
20354	256	1	1	12835
20354	266	1	1	12834
20354	267	1	1	12835
20354	269	1	1	12829
20354	280	1	0	10667
20355	32	1	0	10660
20355	82	1	0	22
20355	106	1	0	24
20355	116	1	0	10653
20355	170	1	0	10656
20356	66	1	0	24
20356	68	1	0	14364
20356	121	1	0	10664
20357	53	1	0	24
20357	92	1	0	24
20357	123	2	2	25669
20357	282	1	0	10662
20358	44	1	0	24
20358	45	3	0	37414
20358	53	1	1	12836
20358	54	1	1	12836
20358	61	1	1	12838
20358	62	1	1	12834
20358	75	1	1	12839
20358	80	1	1	12844
20358	81	2	1	23498
20358	89	93	1	2139859
20358	104	1	1	146836
20358	252	1	0	10666
20358	254	2	0	21305
20358	285	1	0	24
20359	237	1	0	24
20360	188	1	0	24
20360	259	4	1	689533
20361	45	3	0	25398
20361	53	2	2	25674
20361	55	2	2	25673
20361	59	1	1	12839
20361	107	2	0	11575
20361	140	1	0	24
1	1	0	0	0	29305001	0	0	29305001	0	0	11427	/public/backEnd/assets/js/sweetalert.min.js
1	1	0	0	0	29307990	0	0	29307990	0	0	157762	/public/frontEnd/webfonts/fa-solid-900.ttf
1	4	0	0	0	29310985	0	0	29305604	0	0	57243	/product/women-jeans-skinny-fit
1	0	0	0	12	0	0	29316795	0	0	29305626	0	/subcategory/admin@nronlineshop.com
1	3	0	0	0	29307952	0	0	29305589	0	0	42923	/product/women-dress-midi-length
1	0	0	0	1	0	0	29305001	0	0	29305001	0	/public/backEnd/assets/images/bg-pattern-2.png
1	4	0	0	0	29310626	0	0	29305896	0	0	42616	/products/bluetooth-speaker
1	2	0	0	0	29307883	0	0	29305838	0	0	21294	/products/cable
1	2	0	0	0	29307932	0	0	29305819	0	0	21296	/products/neckband
1	0	0	0	1	0	0	29308053	0	0	29308053	0	/public/backEnd/assets/js/toastr.js.map
1	1	0	0	0	29305002	0	0	29305002	0	0	1836	/public/backEnd/assets/libs/datatables.net-bs5/js/dataTables.bootstrap5.min.js
1	0	0	0	9	0	0	29316796	0	0	29305727	0	/cart/increment
1	3	0	0	0	29309913	0	0	29305736	0	0	31938	/products/lingerie-sets
1	3	0	0	0	29307909	0	0	29305609	0	0	31940	/products/tangail
1	0	0	0	1	0	0	29308024	0	0	29308024	0	/public/frontEnd/js/bootstrap.min.js.map
1	0	0	0	18	0	0	29308739	0	0	29305622	0	/products/admin@nronlineshop.com
1	1	0	0	0	29305001	0	0	29305001	0	0	325244	/public/backEnd/assets/fonts/materialdesignicons-webfont.woff2?v=5.9.55
1	1	0	0	0	29305001	0	0	29305001	0	0	41228	/public/backEnd/assets/fonts/cerebrisans-medium.woff
1	2	0	0	0	29307878	0	0	29305889	0	0	21289	/products/pant
1	15	0	0	0	29315965	0	0	29305001	0	0	326820	/public/uploads/category/1729870905-gadgets.webp
1	2	0	0	0	29307988	0	0	29305816	0	0	20766	/customer/forgot-password
1	0	0	0	1	0	0	29306082	0	0	29306082	0	/wp-config.php
1	0	0	0	3	0	0	29306082	0	0	29304984	0	/.env
1	4	0	0	0	29316793	0	0	29306204	0	0	42612	/subcategory/clothing
1	1	0	0	0	29305001	0	0	29305001	0	0	96795	/public/backEnd/assets/js/vendor.min.js
1	9	0	0	0	29307949	0	0	29305001	0	0	223560	/public/frontEnd/webfonts/fa-regular-400.woff2
1	1	0	0	0	29305002	0	0	29305002	0	0	620	/public/backEnd/assets/js/pages/datatables.init.js
1	1	0	0	0	29305001	0	0	29305001	0	0	14077	/public/backEnd/assets/libs/flatpickr/flatpickr.min.js
1	20	0	0	0	29320377	0	0	29305001	0	0	18300	/public/frontEnd/css/owl.carousel.min.css
1	2	0	0	0	29307877	0	0	29305792	0	0	21309	/products/polo-shirt
1	1	0	0	0	29315965	0	0	29315965	0	0	10458	/search?keyword=Bag
1	1	0	0	0	29305001	0	0	29305001	0	0	120	/public/backEnd/assets/js/head.js
1	14	0	0	0	29315965	0	0	29305003	0	0	95942	/public/uploads/product/1758213824-download.jpeg
1	0	0	0	3	0	0	29306082	0	0	29304984	0	/config.json
1	2	0	0	0	29307959	0	0	29306208	0	0	21313	/subcategory/air-buds
1	1	0	0	0	29307983	0	0	29307983	0	0	527579	/public/uploads/product/1754772624-1713906963_l_3.jpeg
1	1	0	0	0	29305002	0	0	29305002	0	0	6156	/public/backEnd/assets/libs/summernote/font/summernote.woff2
1	1	0	0	0	29305002	0	0	29305002	0	0	6393	/public/backEnd/assets/libs/datatables.net-buttons/js/buttons.html5.min.js
1	0	0	0	1	0	0	29305727	0	0	29305727	0	/js/lkk_ch.js
1	0	0	0	2	0	0	29304984	0	0	29304984	0	/about
1	0	0	0	2	0	0	29304984	0	0	29304984	0	/info.php
1	1	0	0	0	29305007	0	0	29305007	0	0	9205	/admin/products/10/edit
1	0	0	0	2	0	0	29304984	0	0	29304984	0	/s/63e2130323e2834323e2136313/_/
1	0	0	0	1	0	0	29306082	0	0	29306082	0	/database_backup.sql
1	1	0	0	0	29305002	0	0	29305002	0	0	5831	/public/backEnd/assets/libs/datatables.net-responsive/js/dataTables.responsive.min.js
1	0	0	0	3	0	0	29310736	0	0	29305801	0	/cart/store
1	1	0	0	0	29305009	0	0	29305009	0	0	9204	/admin/products/13/edit
1	0	0	0	1	0	0	29308046	0	0	29308046	0	/public/frontEnd/js/'+b.loadinggif+'
1	4	0	0	0	29315928	0	0	29305972	0	0	42657	/subcategory/baby-toys
1	1	0	0	0	29305003	0	0	29305003	0	0	9202	/admin/products/1/edit
1	1	0	0	0	29307982	0	0	29307982	0	0	509770	/public/uploads/product/1754772624-1713906964_l_4.jpeg
1	1	0	0	0	29305011	0	0	29305011	0	0	9215	/admin/products/16/edit
1	1	0	0	0	29307993	0	0	29307993	0	0	4536	/public/frontEnd/webfonts/fa-v4compatibility.woff2
1	1	0	0	0	29305004	0	0	29305004	0	0	9206	/admin/products/4/edit
1	2	0	0	0	29307961	0	0	29305900	0	0	21333	/subcategory/salwar-kameez
1	1	0	0	0	29305002	0	0	29305002	0	0	1411	/public/backEnd/assets/libs/datatables.net-responsive-bs5/js/responsive.bootstrap5.min.js
1	1	0	0	0	29305006	0	0	29305006	0	0	9204	/admin/products/7/edit
1	3	0	0	0	29310803	0	0	29305813	0	0	32003	/subcategory/computer-accessories
1	1	0	0	0	29319696	0	0	29319696	0	0	1751	/favicon.ico?23.27.145.59
1	0	0	0	2	0	0	29304984	0	0	29304984	0	/ecp/Current/exporttool/microsoft.exchange.ediscovery.exporttool.application
1	2	0	0	0	29307958	0	0	29305797	0	0	21316	/subcategory/jewellery
1	1	0	0	0	29315965	0	0	29315965	0	0	439	/livesearch?keyword=B
1	1	0	0	0	29305002	0	0	29305002	0	0	416528	/public/backEnd/assets/libs/pdfmake/build/vfs_fonts.js
1	3	0	0	0	29315965	0	0	29305011	0	0	15138	/public/uploads/product/1758214265-download-(13).jpeg
1	3	0	0	0	29308050	0	0	29305807	0	0	34042	/category/baby-fashion
1	2	0	0	0	29307896	0	0	29305678	0	0	21316	/products/original-brand
1	0	0	0	1	0	0	29306082	0	0	29306082	0	/config.php
1	1	0	0	0	29308033	0	0	29308033	0	0	40149	/public/uploads/product/1753919219-img-20250725-wa0006.jpg
1	0	0	0	1	0	0	29308044	0	0	29308044	0	/public/frontEnd/js/parsley.min.js.map
1	1	0	0	0	29305001	0	0	29305001	0	0	1167	/admin/login
1	1	0	0	0	29305001	0	0	29305001	0	0	41084	/public/backEnd/assets/fonts/cerebrisans-regular.woff
1	0	0	0	2	0	0	29304984	0	0	29304984	0	/server
1	3	0	0	0	29307951	0	0	29305519	0	0	42899	/product/men-punjabi-cotton-fabric
1	4	0	0	0	29310683	0	0	29305594	0	0	42604	/products/loafer
1	1	0	0	0	29308023	0	0	29308023	0	0	4794	/public/frontEnd/webfonts/fa-v4compatibility.ttf
1	2	0	0	0	29308051	0	0	29305755	0	0	37288	/public/frontEnd/js/select2.min.js
1	3	0	0	0	29307913	0	0	29305432	0	0	42921	/product/men-formal-shirt-full-sleeve
1	1	0	0	0	29305002	0	0	29305002	0	0	1154	/public/backEnd/assets/libs/datatables.net-buttons/js/buttons.print.min.js
1	3	0	0	0	29309191	0	0	29305703	0	0	31959	/products/readymade
1	0	0	0	1	0	0	29317352	0	0	29317352	0	/shell.php
1	1	0	0	0	29305002	0	0	29305002	0	0	37718	/public/backEnd/assets/libs/summernote/summernote-lite.min.js
1	0	0	0	27	0	0	29316793	0	0	29305590	0	/quick-view
1	4	0	0	0	29308491	0	0	29305524	0	0	42634	/subcategory/bags
1	1	0	0	0	29315965	0	0	29315965	0	0	68	/livesearch?keyword=Ba
1	0	0	0	3	0	0	29309085	0	0	29305350	0	/add-to-cart
1	3	0	0	0	29307875	0	0	29306128	0	0	31943	/products/panties
1	3	0	0	0	29310764	0	0	29305855	0	0	31972	/subcategory/3-pc
1	3	0	0	0	29310575	0	0	29305907	0	0	31953	/products/sandals
1	1	0	0	0	29305002	0	0	29305002	0	0	6327	/public/backEnd/assets/libs/datatables.net-buttons/js/buttons.flash.min.js
1	1	0	0	0	29305002	0	0	29305002	0	0	7953	/public/backEnd/assets/libs/datatables.net-buttons/js/dataTables.buttons.min.js
1	1	0	0	0	29308002	0	0	29308002	0	0	25330	/public/frontEnd/webfonts/fa-regular-400.ttf
1	1	0	0	0	29305002	0	0	29305002	0	0	23136	/public/uploads/category/1740459837-eid-collection.webp
1	22	0	0	0	29315965	0	0	29305001	0	0	39133	/public/frontEnd/css/wsit-menu.css
1	0	0	0	3	0	0	29309864	0	0	29306353	0	/product/admin@nronlineshop.com
1	0	0	0	1	0	0	29306082	0	0	29306082	0	/dump.sql
1	0	0	0	1	0	0	29306082	0	0	29306082	0	/.svn/wc.db
1	0	0	0	1	0	0	29306082	0	0	29306082	0	/settings.py
1	0	0	0	2	0	0	29304984	0	0	29304983	0	/@vite/env
1	4	0	0	0	29308501	0	0	29305562	0	0	204	/stock-check
1	20	0	0	0	29315965	0	0	29305001	0	0	7604	/public/frontEnd/css/owl.theme.default.min.css
1	3	0	0	0	29307875	0	0	29305559	0	0	31940	/products/monitor
1	0	0	1	0	0	29305001	0	0	29305001	0	0	/auth/login
1	3	0	0	0	29307883	0	0	29305564	0	0	31943	/products/ties
1	1	0	0	0	29307992	0	0	29307992	0	0	109144	/public/frontEnd/webfonts/fa-brands-400.ttf
1	14	0	0	0	29315965	0	0	29305004	0	0	97090	/public/uploads/product/1758213855-download-(1).jpeg
1	2	0	0	0	29307903	0	0	29305965	0	0	21297	/products/charger
1	2	0	0	0	29307878	0	0	29305758	0	0	21288	/products/t-shirt
1	1	0	0	0	29305002	0	0	29305002	0	0	508899	/public/backEnd/assets/libs/pdfmake/build/pdfmake.min.js
1	3	0	0	0	29307888	0	0	29305639	0	0	31938	/products/taant
1	3	0	0	0	29307945	0	0	29305833	0	0	31957	/products/smart-speaker
1	16	0	0	0	29320540	0	0	29305146	0	0	384	/robots.txt
1	1	0	0	0	29305002	0	0	29305002	0	0	1800	/public/backEnd/assets/libs/select2/css/select2.min.css
1	18	0	0	0	29315965	0	0	29305001	0	0	55422	/public/frontEnd/css/responsive.css?v=1.0.2
1	3	0	0	0	29307917	0	0	29305514	0	0	42913	/product/men-jeans-pant-slim-fit
1	0	0	0	3	0	0	29309839	0	0	29306343	0	/customer/admin@nronlineshop.com
1	3	0	0	0	29310753	0	0	29305840	0	0	31987	/subcategory/womens-sharee
1	19	0	0	0	29305011	0	0	29305002	0	0	167985	/admin/products/manage
1	13	0	0	0	29315965	0	0	29305006	0	0	189020	/public/uploads/product/1758214006-download-(6).jpeg
1	4	0	0	0	29310854	0	0	29305664	0	0	42639	/subcategory/baby-boys-fashion
1	1	0	0	0	29307923	0	0	29307923	0	0	5758	/public/uploads/product/1753501883-airpods-black.webp
1	2	0	0	0	29307905	0	0	29305843	0	0	21315	/products/casual-shoes
1	4	0	0	0	29310792	0	0	29305619	0	0	42594	/products/purse
1	0	0	0	1	0	0	29306082	0	0	29306082	0	/wp-admin/setup-config.php
1	0	0	0	2	0	0	29304984	0	0	29304984	0	/php-cgi/php-cgi.exe?%ADd+cgi.force_redirect%3D0+%ADd+disable_functions%3D\"\"+%ADd+allow_url_include%3D1+%ADd+auto_prepend_file%3Dphp://input
1	0	0	0	26	0	0	29316794	0	0	29305514	0	/variable-view
1	0	0	1	0	0	29309085	0	0	29309085	0	0	/add-to-cart/?87.236.176.213
1	1	0	0	0	29308028	0	0	29308028	0	0	28310	/public/uploads/product/1753919219-1753513581-giant_291528.png
1	14	0	0	0	29315965	0	0	29305005	0	0	66864	/public/uploads/product/1758213920-download-(3).jpeg
1	1	0	0	0	29305002	0	0	29305002	0	0	580	/public/backEnd/assets/libs/datatables.net-buttons-bs5/js/buttons.bootstrap5.min.js
1	2	0	0	0	29307875	0	0	29306104	0	0	21303	/products/wallet
1	2	0	0	0	29307920	0	0	29305810	0	0	21295	/products/adapter
1	3	0	0	0	29315965	0	0	29305011	0	0	14208	/public/uploads/product/1758214293-download-(14).jpeg
1	1	0	0	0	29305002	0	0	29305002	0	0	151	/public/backEnd/assets/js/pages/form-validation.init.js
1	1	0	0	0	29305002	0	0	29305002	0	0	40330	/public/uploads/category/1752339014-20c5380c9639d25f2e2d8c85a0d6f9e1.webp
1	15	0	0	0	29315965	0	0	29305001	0	0	473370	/public/uploads/category/1755457351-5c4b06bf6466703b772c13199b3cd58e.webp
1	2	0	0	0	29307995	0	0	29305743	0	0	1178	/cart/count
1	3	0	0	0	29307931	0	0	29305826	0	0	3056	/shipping-charge
1	2	0	0	0	29305011	0	0	29305001	0	0	674952	/public/uploads/settings/1755678406-whatsapp-image-2025-08-20-at-14.25.19_cb652786.webp
1	1	0	0	0	29305002	0	0	29305002	0	0	11212	/admin/products/create
1	3	0	0	0	29307940	0	0	29305524	0	0	31962	/products/leather-strap
1	1	0	0	0	29318147	0	0	29318147	0	0	24	/robots.txt?20.194.157.179
1	4	0	0	0	29309692	0	0	29305661	0	0	42583	/products/desktop
1	14	0	0	0	29315965	0	0	29305005	0	0	47754	/public/uploads/product/1758213944-download-(4).jpeg
1	0	0	0	4	0	0	29311285	0	0	29305705	0	/category/admin@nronlineshop.com
1	2	0	0	0	29307974	0	0	29305969	0	0	21321	/subcategory/eyewear
1	1	0	0	0	29305002	0	0	29305002	0	0	7949	/admin/categories/manage
1	3	0	0	0	29308064	0	0	29305656	0	0	31843	/customer/register
1	4	0	0	0	29309556	0	0	29305672	0	0	42605	/products/painted-sharee
1	4	0	0	0	29308057	0	0	29305490	0	0	42675	/category/gadgets
1	2	0	0	0	29307991	0	0	29305894	0	0	21314	/products/t-shirt-and-trouger
1	1	0	0	0	29306190	0	0	29306190	0	0	10652	/products/formal-shoes?51.81.46.212
1	14	0	0	0	29315965	0	0	29305009	0	0	60732	/public/uploads/product/1758214151-download-(10).jpeg
1	0	0	0	3	0	0	29306082	0	0	29304984	0	/server-status
1	20	0	0	0	29315965	0	0	29305001	0	0	436700	/public/frontEnd/css/all.min.css
1	1	0	0	0	29305001	0	0	29305001	0	0	41184	/public/backEnd/assets/fonts/cerebrisans-bold.woff
1	0	0	0	12	0	0	29316794	0	0	29305583	0	/cart/remove
1	3	0	0	0	29310026	0	0	29305771	0	0	31967	/products/unstitched
1	1	0	0	0	29305002	0	0	29305002	0	0	18500	/public/backEnd/assets/libs/select2/js/select2.min.js
1	0	0	0	1	0	0	29306082	0	0	29306082	0	/docker-compose.yml
1	15	0	0	0	29315965	0	0	29305001	0	0	2248620	/public/frontEnd/webfonts/fa-solid-900.woff2
1	0	0	0	4	0	0	29314348	0	0	29305860	0	/page/admin@nronlineshop.com
1	3	0	0	0	29308910	0	0	29305642	0	0	43148	/product/kids-dress-frock-style
1	4	0	0	0	29310775	0	0	29305515	0	0	42595	/products/air-series
1	1	0	0	0	29307984	0	0	29307984	0	0	439143	/public/uploads/product/1754772624-1713906963_l_2.jpeg
1	0	0	0	2	0	0	29304984	0	0	29304984	0	/.DS_Store
1	0	0	0	1	0	0	29306082	0	0	29306082	0	/user_secrets.yml
1	20	0	0	0	29315965	0	0	29305001	0	0	216324	/public/frontEnd/css/style.css?v=1.0.3
1	1	0	0	0	29305008	0	0	29305008	0	0	9197	/admin/products/12/edit
1	2	0	0	0	29307998	0	0	29306146	0	0	21306	/products/bra+penti-combo
1	0	0	0	2	0	0	29304984	0	0	29304984	0	/telescope/requests
1	1	0	0	0	29305001	0	0	29305001	0	0	27008	/public/backEnd/assets/css/bootstrap.min.css
1	1	0	0	0	29305010	0	0	29305010	0	0	9197	/admin/products/15/edit
1	1	0	0	0	29305004	0	0	29305004	0	0	9195	/admin/products/3/edit
1	4	0	0	0	29309619	0	0	29305544	0	0	58612	/product/men-polo-shirt-collar-design
1	1	0	0	0	29305005	0	0	29305005	0	0	9210	/admin/products/6/edit
1	0	0	16	0	0	29305011	0	0	29305003	0	0	/admin/products/update
1	20	0	0	0	29315965	0	0	29305001	0	0	50779	/public/backEnd/assets/css/toastr.min.css
1	2	0	0	0	29308058	0	0	29307499	0	0	22576	/category/womens-fashion
1	1	0	0	0	29305007	0	0	29305007	0	0	9188	/admin/products/9/edit
1	1	0	0	0	29305002	0	0	29305002	0	0	30176	/public/backEnd/assets/libs/datatables.net/js/jquery.dataTables.min.js
1	3	0	0	0	29308060	0	0	29305669	0	0	32164	/site/contact-us
1	1	0	0	0	29305001	0	0	29305001	0	0	2290	/public/backEnd/assets/css/custom.css
1	0	0	0	2	0	0	29304984	0	0	29304984	0	/debug/default/view?panel=config
1	3	0	0	0	29307887	0	0	29305527	0	0	42814	/product/men-cotton-t-shirt-round-neck
1	2	0	0	0	29307994	0	0	29305903	0	0	21325	/subcategory/baby-shoes
1	3	0	0	0	29309085	0	0	29305822	0	0	114	/keep-alive
1	0	0	0	1	0	0	29306082	0	0	29306082	0	/phpinfo.php
1	1	0	0	0	29305001	0	0	29305001	0	0	3960	/public/backEnd/assets/js/app.min.js
1	2	0	0	0	29307941	0	0	29305804	0	0	21350	/subcategory/baby-girls-fathion
1	1	0	0	0	29305001	0	0	29305001	0	0	2290	/public/backEnd/assets/css/custom.css?v=1.0.1
1	0	0	0	1	0	0	29306082	0	0	29306082	0	/actuator/heapdump
1	3	0	0	0	29309129	0	0	29305614	0	0	33854	/category/mens-fashion
1	0	0	0	1	0	0	29305726	0	0	29305726	0	/css/support_parent.css
1	0	0	0	1	0	0	29306082	0	0	29306082	0	/feed
1	2	0	0	0	29307880	0	0	29305777	0	0	21292	/products/bras
1	3	0	0	0	29310818	0	0	29305804	0	0	31997	/subcategory/mobile-accessories
1	2	0	0	0	29307956	0	0	29306218	0	0	21321	/subcategory/watches
1	2	0	0	0	29307878	0	0	29306120	0	0	21308	/products/smart-watch
1	3	0	0	0	29307889	0	0	29305534	0	0	31950	/products/bracelet
1	1	1	0	0	29305093	0	0	29305093	0	0	12835	/?gtm_latency=1
1	18	0	0	0	29315965	0	0	29305001	0	0	535302	/public/frontEnd/js/jquery-3.7.1.min.js
1	4	0	0	0	29310758	0	0	29305529	0	0	42592	/products/tablet
1	2	0	0	0	29307933	0	0	29305705	0	0	21294	/products/sneakers
1	25	0	0	0	29320067	0	0	29305001	0	0	278748	/public/frontEnd/js/owl.carousel.min.js
1	4	0	0	0	29307992	0	0	29305656	0	0	604	/public/frontEnd/js/form-validation.init.js
1	2	0	0	0	29307973	0	0	29306327	0	0	29383	/product/kids-punjabi-set-festival-wear
1	4	0	0	0	29311164	0	0	29305522	0	0	42669	/category/shari-and-panjabi-offer
1	2	0	0	0	29307922	0	0	29306517	0	0	21294	/products/powerbank
1	0	0	0	1	0	0	29306082	0	0	29306082	0	/_vti_pvt/service.pwd
1	0	0	0	1	0	0	29306082	0	0	29306082	0	/.env.production
1	3	0	0	0	29315965	0	0	29305009	0	0	31695	/public/uploads/product/1758214178-download-(11).jpeg
1	4	0	0	0	29311614	0	0	29305617	0	0	88	/districts
1	1	0	0	0	29305002	0	0	29305002	0	0	1597	/public/backEnd/assets/libs/datatables.net-buttons-bs5/css/buttons.bootstrap5.min.css
1	1	0	0	0	29312050	0	0	29312050	0	0	10656	/products/hand-bag?20.194.157.179
1	0	0	0	2	0	0	29304984	0	0	29304983	0	/actuator/env
1	3	0	0	0	29307897	0	0	29305604	0	0	31987	/subcategory/speaker-microphone
1	0	0	0	1	0	0	29306082	0	0	29306082	0	/backup.tar.gz
1	1	0	0	0	29305001	0	0	29305001	0	0	32073	/public/backEnd/assets/css/app.min.css
1	1	0	0	0	29305002	0	0	29305002	0	0	5009	/public/backEnd/assets/js/pages/form-advanced.init.js
1	2	0	0	0	29307877	0	0	29306124	0	0	21298	/products/lawn
1	15	0	0	0	29315965	0	0	29305001	0	0	1620000	/public/frontEnd/webfonts/fa-brands-400.woff2
1	25	0	0	0	29315965	0	0	29305001	0	0	685952	/public/frontEnd/css/bootstrap.min.css
1	0	0	0	1	0	0	29306082	0	0	29306082	0	/config.yaml
1	19	0	0	0	29315965	0	0	29305001	0	0	76265	/public/frontEnd/js/mobile-menu.js
1	1	0	0	0	29305002	0	0	29305002	0	0	865	/public/backEnd/assets/libs/datatables.net-responsive-bs5/css/responsive.bootstrap5.min.css
1	4	0	0	0	29310814	0	0	29305478	0	0	42646	/products/party-bag
1	3	0	0	0	29311015	0	0	29305783	0	0	31969	/products/hats-&-caps
1	3	0	0	0	29308020	0	0	29305522	0	0	44412	/product/kids-t-shirt-cartoon-print
1	0	0	2	0	0	29307948	0	0	29306351	0	0	/customer/order-save-draft
1	1	0	0	0	29314348	0	0	29314348	0	0	24	/robots.txt?23.27.145.59
1	1	0	0	0	29310505	0	0	29310505	0	0	24	/robots.txt?23.27.145.60
1	0	0	0	1	0	0	29306082	0	0	29306082	0	/.ssh/id_ed25519
1	0	0	0	3	0	0	29306082	0	0	29304984	0	/.vscode/sftp.json
1	3	0	0	0	29310742	0	0	29305789	0	0	31979	/subcategory/accessories
1	2	0	0	0	29307960	0	0	29305506	0	0	21314	/subcategory/innerwear
1	0	0	0	1	0	0	29317361	0	0	29317361	0	/shell
1	3	0	0	0	29307915	0	0	29305614	0	0	31971	/products/eyeglasses
1	1	0	0	0	29305002	0	0	29305002	0	0	1789	/public/backEnd/assets/libs/datatables.net-bs5/css/dataTables.bootstrap5.min.css
1	0	0	0	1	0	0	29306082	0	0	29306082	0	/config.yml
1	1	0	0	0	29305002	0	0	29305002	0	0	18256	/public/uploads/category/1729957138-home-lifestyle.webp
1	3	0	0	0	29308838	0	0	29305721	0	0	31953	/products/mpod-earbuds
1	26	0	0	0	29315965	0	0	29305001	0	0	406485	/public/frontEnd/js/bootstrap.min.js
1	1	0	0	0	29307925	0	0	29307925	0	0	38653	/public/uploads/product/1753501883-w7be1ucfvdwv3j5vdo9wjetrtabz7ku6bprcshti.jpg
1	1	0	0	0	29305001	0	0	29305001	0	0	2829	/public/backEnd/assets/libs/flatpickr/flatpickr.min.css
1	14	0	0	0	29315965	0	0	29305007	0	0	119840	/public/uploads/product/1758214071-download-(7).jpeg
1	1	0	0	0	29305001	0	0	29305001	0	0	2235	/public/backEnd/assets/libs/selectize/css/selectize.bootstrap3.css
1	4	0	0	0	29308031	0	0	29305432	0	0	53352	/public/frontEnd/js/zoomsl.min.js
1	2	0	0	0	29315749	0	0	29308026	0	0	21327	/products/sunthetic-strap
1	1	0	0	0	29307977	0	0	29307977	0	0	133256	/public/uploads/product/1754772975-1741801575_l_1.jpg
1	1	0	0	0	29316784	0	0	29316784	0	0	10666	/subcategory/baby-toys?23.27.145.59
1	4	0	0	0	29320067	0	0	29305472	0	0	56943	/page/privacy-policy
1	0	0	0	1	0	0	29317354	0	0	29317354	0	/webshell
1	1	0	0	0	29315965	0	0	29315965	0	0	11823	/search?sort=2&page=
1	0	0	0	1	0	0	29306082	0	0	29306082	0	/web.config
1	3	0	0	0	29310725	0	0	29305752	0	0	63	/mobilecart/count
1	3	0	0	0	29315965	0	0	29305010	0	0	23133	/public/uploads/product/1758214226-download-(12).jpeg
1	0	0	0	3	0	0	29308651	0	0	29305595	0	/admin@nronlineshop.com
1	4	0	0	0	29310876	0	0	29305342	0	0	42613	/products/tws-earbuds
1	0	0	0	1	0	0	29306082	0	0	29306082	0	/database.sql
1	2	0	0	0	29307881	0	0	29305852	0	0	21292	/products/penti
1	2	0	0	0	29307876	0	0	29305768	0	0	21292	/products/cotton
1	14	0	0	0	29315965	0	0	29305007	0	0	59304	/public/uploads/product/1758214043-images-(4).jpeg
1	3	0	0	0	29308596	0	0	29305606	0	0	60	/livesearch
1	0	0	0	1	0	0	29306082	0	0	29306082	0	/.aws/credentials
1	1	0	0	0	29305011	0	0	29305011	0	0	798	/load-more-products?page=2
1	16	0	0	0	29315965	0	0	29305001	0	0	5176765	/public/uploads/settings/1755678443-whatsapp-image-2025-08-20-at-14.25.19_cb652786.webp
1	0	0	0	1	0	0	29308055	0	0	29308055	0	/public/frontEnd/js/'+b.j+'
1	0	0	0	12	0	0	29314950	0	0	29304984	0	/.git/config
1	2	0	0	0	29307882	0	0	29305522	0	0	21293	/products/jeans
1	3	0	0	0	29307932	0	0	29305584	0	0	31939	/products/keyboard
1	3	0	0	0	29315965	0	0	29315965	0	0	204	/livesearch?keyword=Bag
1	2	0	0	0	29307882	0	0	29306214	0	0	21290	/products/bra
1	3	0	0	0	29307944	0	0	29305752	0	0	31110	/customer/order-track
1	1	0	0	0	29308063	0	0	29308063	0	0	1351	/load-more-products?page=$
1	3	0	0	0	29308053	0	0	29305358	0	0	41412	/page/refund-&-return-policy
1	14	0	0	0	29315965	0	0	29305004	0	0	95312	/public/uploads/product/1758213893-images-(3).jpeg
1	18	0	0	0	29315965	0	0	29305001	0	0	47412	/public/frontEnd/js/wow.min.js
1	13	0	0	0	29315965	0	0	29305008	0	0	93379	/public/uploads/product/1758214100-download-(8).jpeg
1	1	0	0	0	29307980	0	0	29307980	0	0	515831	/public/uploads/product/1754772624-1713906962_l_1-1.jpeg
1	4	0	0	0	29310308	0	0	29305624	0	0	57219	/product/women-saree-silk-fabric
1	2	0	0	0	29307938	0	0	29305866	0	0	21297	/products/earphone
1	2	2	0	0	29304984	0	0	29304984	0	0	1410	/?rest_route=/wp/v2/users/
1	1	0	0	0	29307875	0	0	29307875	0	0	33584	/public/uploads/category/1729870308-men-fashion.webp?51.81.46.212
1	1	0	0	0	29305002	0	0	29305002	0	0	45622	/public/uploads/category/1729871263-grocery.webp
1	3	0	0	0	29307882	0	0	29305629	0	0	31944	/products/heels
1	1	0	0	0	29305008	0	0	29305008	0	0	9209	/admin/products/11/edit
1	3	0	0	0	29307974	0	0	29305517	0	0	31974	/products/shirt-pant-combo
1	0	0	0	3	0	0	29310621	0	0	29307276	0	/site/admin@nronlineshop.com
1	1	0	0	0	29305002	0	0	29305002	0	0	5243	/public/backEnd/assets/libs/summernote/summernote-lite.min.css
1	0	0	0	2	0	0	29304984	0	0	29304984	0	/_all_dbs
1	1	0	0	0	29305001	0	0	29305001	0	0	1900	/public/uploads/users/1732896315-1730514449-user.webp
1	1	0	0	0	29305010	0	0	29305010	0	0	9202	/admin/products/14/edit
1	2	0	0	0	29307902	0	0	29305777	0	0	21306	/products/replica
1	1	0	0	0	29305003	0	0	29305003	0	0	9210	/admin/products/2/edit
1	22	0	0	0	29319696	0	0	29305001	0	0	7349140	/public/uploads/settings/1755678407-whatsapp-image-2025-08-20-at-14.25.19_cb652786.webp
1	15	0	0	0	29315965	0	0	29305001	0	0	356610	/public/uploads/category/1757979567-images-(12).webp
1	0	0	0	2	0	0	29304984	0	0	29304984	0	/v2/_catalog
1	4	0	0	0	29310842	0	0	29305649	0	0	42597	/products/panjabi
1	8	0	0	0	29306489	0	0	29304997	0	0	12227	/favicon.ico
1	3	0	0	0	29307891	0	0	29305654	0	0	31936	/products/shirt
1	1	0	0	0	29305005	0	0	29305005	0	0	9210	/admin/products/5/edit
1	1	0	0	0	29305002	0	0	29305002	0	0	21290	/public/uploads/category/1729870761-cosmetics.webp
1	4	0	0	0	29310720	0	0	29305554	0	0	42604	/products/y-cloth
1	2	0	0	0	29307992	0	0	29306198	0	0	21330	/subcategory/women's-t-shirts
1	1	0	0	0	29305001	0	0	29305001	0	0	5274	/public/backEnd/assets/images/users/user-1.jpg
1	1	0	0	0	29305006	0	0	29305006	0	0	9204	/admin/products/8/edit
1	0	0	0	1	0	0	29306082	0	0	29306082	0	/api/.env
1	0	0	0	10	0	0	29316794	0	0	29305649	0	/cart/decrement
1	0	0	0	1	0	0	29306082	0	0	29306082	0	/config.xml
1	4	0	0	0	29308019	0	0	29305566	0	0	58780	/page/terms-&-conditions
1	0	0	0	1	0	0	29319268	0	0	29319268	0	/.well-known/security.txt
1	2	0	0	0	29307987	0	0	29306115	0	0	28580	/product/women-top-sleeveless
1	4	0	0	0	29308777	0	0	29305574	0	0	42582	/products/mouse
1	3	0	0	0	29310820	0	0	29306312	0	0	31944	/products/laptop
1	3	0	0	0	29307968	0	0	29305703	0	0	44463	/product/kids-shorts-summer-collection
1	1	0	0	0	29315490	0	0	29315490	0	0	10662	/subcategory/baby-toys?20.194.157.179
1	0	0	0	1	0	0	29306082	0	0	29306082	0	/api/v1/format_query
1	0	0	0	4	0	0	29308624	0	0	29305546	0	/ajax-cart-store
1	0	0	0	1	0	0	29306082	0	0	29306082	0	/etc/ssl/private/server.key
1	0	0	0	1	0	0	29306082	0	0	29306082	0	/secrets.json
1	2	0	0	0	29307990	0	0	29306317	0	0	21308	/subcategory/shoes
1	0	0	0	1	0	0	29306082	0	0	29306082	0	/db/schema.rb
1	1	0	0	0	29305001	0	0	29305001	0	0	9113	/admin/dashboard
1	7	0	0	0	29320377	0	0	29305514	0	0	74609	/products/leather-bag
1	0	0	0	1	0	0	29306082	0	0	29306082	0	/server.key
1	3	0	0	0	29310786	0	0	29305983	0	0	31979	/subcategory/combo-offer
1	0	0	0	1	0	0	29306082	0	0	29306082	0	/.ssh/id_rsa
1	0	0	0	1	0	0	29317334	0	0	29317334	0	/webshell.php
1	1	0	0	0	29307896	0	0	29307896	0	0	10652	/products/formal-shoes
1	1	0	0	0	29307981	0	0	29307981	0	0	205323	/public/uploads/product/1754772975-1741801575_l_2.jpg
1	0	0	0	1	0	0	29306082	0	0	29306082	0	/metrics
1	1	0	0	0	29305002	0	0	29305002	0	0	412	/public/backEnd/assets/libs/datatables.net-select-bs5/css/select.bootstrap5.min.css
1	0	0	0	2	0	0	29304984	0	0	29304984	0	/login.action
1	19	0	0	0	29315965	0	0	29305001	0	0	29823	/public/backEnd/assets/js/toastr.min.js
1	1	0	0	0	29305001	0	0	29305001	0	0	75043	/public/backEnd/assets/css/icons.min.css
1	1	0	0	0	29305001	0	0	29305001	0	0	29500	/public/backEnd/assets/fonts/feather.woff?t=1525787366991
1	2	0	0	0	29307966	0	0	29306321	0	0	28710	/product/kids-shirt-casual-wear
1	19	0	0	0	29315965	0	0	29305001	0	0	4995	/public/frontEnd/js/script.js
1	3	0	0	0	29307876	0	0	29305418	0	0	31961	/products/smart-phone
1	0	0	2	0	0	29307876	0	0	29305350	0	0	/add-to-cart/
1	4	0	0	0	29308025	0	0	29305656	0	0	47216	/public/frontEnd/js/parsley.min.js
1	13	0	0	0	29315965	0	0	29305001	0	0	436592	/public/uploads/category/1729870308-men-fashion.webp
1	2	0	0	0	29307878	0	0	29306103	0	0	21305	/products/pump-shoes
1	0	0	0	1	0	0	29306082	0	0	29306082	0	/config/production.json
1	4	0	0	0	29310831	0	0	29305549	0	0	42583	/products/kota
1	104	104	0	5	29320136	0	29304997	29304983	0	29304995	2325107	/
1	0	0	0	1	0	0	29306082	0	0	29306082	0	/backup.sql
1	0	0	0	1	0	0	29306082	0	0	29306082	0	/.git/HEAD
1	1	0	0	0	29305002	0	0	29305002	0	0	4184	/public/backEnd/assets/libs/datatables.net-select/js/dataTables.select.min.js
1	0	0	0	1	0	0	29306082	0	0	29306082	0	/.ssh/id_ecdsa
1	20	0	0	0	29315965	0	0	29305001	0	0	12304	/public/frontEnd/js/mobile-menu-init.js
1	22	0	0	0	29315965	0	0	29305001	0	0	70205	/public/frontEnd/css/mobile-menu.css
1	18	0	0	0	29315965	0	0	29305001	0	0	36609	/public/frontEnd/js/wsit-menu.js
1	3	0	0	0	29307881	0	0	29305539	0	0	31943	/products/flats
1	1	0	0	0	29305002	0	0	29305002	0	0	5415	/public/backEnd/assets/libs/datatables.net-keytable/js/dataTables.keyTable.min.js
1	0	0	0	1	0	0	29308071	0	0	29308071	0	/public/frontEnd/css/owl.video.play.png
1	0	0	0	1	0	0	29306082	0	0	29306082	0	/backup.zip
1	14	0	0	0	29315965	0	0	29305006	0	0	60662	/public/uploads/product/1758213981-download-(5).jpeg
1	2	0	0	0	29307908	0	0	29305729	0	0	21313	/products/hand-bag
1	2	0	0	0	29307893	0	0	29306134	0	0	21310	/products/deshi-boutique
1	1	0	0	0	29305001	0	0	29305001	0	0	150181	/public/backEnd/assets/images/login-bg.jpg
1	3	0	0	0	29307969	0	0	29305596	0	0	31980	/subcategory/smart-watch
1	21	0	0	0	29315965	0	0	29305001	0	0	41042	/public/frontEnd/css/select2.min.css
1	21	0	0	0	29315965	0	0	29305001	0	0	93947	/public/frontEnd/css/animate.css
1	0	0	0	1	0	0	29306082	0	0	29306082	0	/cloud-config.yml
1	2	0	0	0	29315965	0	0	29307875	0	0	19730	/public/frontEnd/images/not-found.png
1	2	0	0	0	29307919	0	0	29305755	0	0	26717	/customer/checkout
1	3	0	0	0	29311780	0	0	29306104	0	0	31951	/products/earrings
1	3	0	0	0	29307892	0	0	29305521	0	0	31966	/products/metal-chain
1	3	0	0	0	29307894	0	0	29305634	0	0	42812	/product/women-cotton-kurti-long-sleeve
1	2	0	0	0	29308021	0	0	29305786	0	0	21296	/products/portable-speaker
1	3	0	0	0	29307876	0	0	29305569	0	0	31933	/products/ring
1	14	0	0	0	29315965	0	0	29305001	0	0	75670	/public/frontEnd/images/delivery-partner.png
1	0	0	0	4	0	0	29309720	0	0	29306152	0	/page/help@nronlineshop.com
1	1	0	0	0	29305002	0	0	29305002	0	0	11804	/public/backEnd/assets/libs/parsleyjs/parsley.min.js
1	3	0	0	0	29312981	0	0	29306194	0	0	43082	/product/kids-jeans-elastic-waist
1	15	0	0	0	29315965	0	0	29305001	0	0	321690	/public/uploads/category/1729870638-womens-fashion.webp
1	2	0	0	0	29307986	0	0	29305908	0	0	21318	/subcategory/head-phones
1	3	0	0	0	29311363	0	0	29305514	0	0	31979	/products/belt-&-wallet
1	14	0	0	0	29315965	0	0	29305008	0	0	85148	/public/uploads/product/1758214126-download-(9).jpeg
1	2	0	0	0	29308000	0	0	29305780	0	0	21059	/customer/login
1	3	0	0	0	29307936	0	0	29305604	0	0	31944	/products/necklace
3	24	0	0	0	29305002	0	0	29305002	0	0	1157955	https://demo.clothingandfashion.acharmela.com/admin/categories/manage
3	1	0	1	0	29305009	29305009	0	29305009	29305009	0	9077	https://demo.clothingandfashion.acharmela.com/admin/products/13/edit
3	1	0	0	0	29305789	0	0	29305789	0	0	27325	https://demo.clothingandfashion.acharmela.com/subcategory/accessories
3	1	0	1	0	29305004	29305004	0	29305004	29305004	0	8986	https://demo.clothingandfashion.acharmela.com/admin/products/3/edit
3	2	0	0	0	29315749	0	0	29315749	0	0	26751	https://demo.clothingandfashion.acharmela.com/products/sunthetic-strap
3	4	0	0	0	29305755	0	0	29305755	0	0	57924	https://demo.clothingandfashion.acharmela.com/customer/checkout
3	25	0	0	0	29315965	0	0	29305001	0	0	2703280	https://demo.clothingandfashion.acharmela.com/public/frontEnd/css/all.min.css
3	1	0	1	0	29305011	29305011	0	29305011	29305011	0	9087	https://demo.clothingandfashion.acharmela.com/admin/products/16/edit
3	1	0	1	0	29305006	29305006	0	29305006	29305006	0	9014	https://demo.clothingandfashion.acharmela.com/admin/products/6/edit
3	2	0	0	0	29305432	0	0	29305432	0	0	28950	https://demo.clothingandfashion.acharmela.com/product/men-formal-shirt-full-sleeve
3	1	0	0	0	29305569	0	0	29305569	0	0	15612	https://demo.clothingandfashion.acharmela.com/products/ring
3	2	0	0	0	29305478	0	0	29305478	0	0	37447	https://demo.clothingandfashion.acharmela.com/products/party-bag
3	11	0	0	0	29305312	0	0	29305093	0	0	1106152	https://www.demo.clothingandfashion.acharmela.com/public/frontEnd/css/all.min.css
3	1	0	1	0	29305007	29305007	0	29305007	29305007	0	9041	https://demo.clothingandfashion.acharmela.com/admin/products/9/edit
3	8	0	1	0	29305001	29305001	0	29305001	29305001	0	246402	https://demo.clothingandfashion.acharmela.com/admin/login
3	3	0	0	1	29305001	0	29305001	29305001	0	29305001	123496	https://demo.clothingandfashion.acharmela.com/public/backEnd/assets/css/app.min.css
3	2	0	0	0	29305522	0	0	29305522	0	0	35173	https://demo.clothingandfashion.acharmela.com/product/kids-t-shirt-cartoon-print
3	9	0	0	0	29305003	0	0	29305002	0	0	96301	https://demo.clothingandfashion.acharmela.com/admin/products/create
3	9	0	0	0	29305548	0	0	29305548	0	0	54666	https://demo.clothingandfashion.acharmela.com/category/shari-and-panjabi-offer
3	16	0	0	0	29305345	0	0	29305344	0	0	101276	https://demo.clothingandfashion.acharmela.com/products/tws-earbuds
3	1	0	1	0	29305008	29305008	0	29305008	29305008	0	9062	https://demo.clothingandfashion.acharmela.com/admin/products/11/edit
3	1	0	1	0	29305003	29305003	0	29305003	29305003	0	8957	https://demo.clothingandfashion.acharmela.com/admin/products/1/edit
3	4	0	0	0	29305574	0	0	29305544	0	0	58219	https://demo.clothingandfashion.acharmela.com/product/men-polo-shirt-collar-design
3	2	0	0	0	29320067	0	0	29305472	0	0	26751	https://demo.clothingandfashion.acharmela.com/page/privacy-policy
3	1	0	1	0	29305010	29305010	0	29305010	29305010	0	9088	https://demo.clothingandfashion.acharmela.com/admin/products/14/edit
3	3	0	0	0	29315965	0	0	29315965	0	0	23322	https://demo.clothingandfashion.acharmela.com/search?sort=2&page=
3	1	0	1	0	29305005	29305005	0	29305005	29305005	0	8999	https://demo.clothingandfashion.acharmela.com/admin/products/4/edit
3	1	0	0	0	29305833	0	0	29305833	0	0	27325	https://demo.clothingandfashion.acharmela.com/products/smart-speaker
3	1	0	0	0	29305566	0	0	29305566	0	0	15612	https://demo.clothingandfashion.acharmela.com/page/terms-&-conditions
3	66	1	0	0	29320377	0	0	29305515	0	0	1243465	https://demo.clothingandfashion.acharmela.com/products/leather-bag
3	1	0	1	0	29305006	29305006	0	29305006	29305006	0	9024	https://demo.clothingandfashion.acharmela.com/admin/products/7/edit
3	4	0	0	0	29305746	0	0	29305656	0	0	23910	https://demo.clothingandfashion.acharmela.com/customer/register
3	9	0	0	0	29305093	0	0	29305093	0	0	106049	https://demo.clothingandfashion.acharmela.com/?gtm_latency=1
3	162	0	0	0	29305312	0	0	29305093	0	0	4167778	https://www.demo.clothingandfashion.acharmela.com/
3	1	0	0	0	29305872	0	0	29305872	0	0	27325	https://demo.clothingandfashion.acharmela.com/products/shirt-pant-combo
3	1	0	0	0	29305002	0	0	29305002	0	0	6156	https://demo.clothingandfashion.acharmela.com/public/backEnd/assets/libs/summernote/summernote-lite.min.css
3	1	0	0	0	29305001	0	0	29305001	0	0	150181	https://demo.clothingandfashion.acharmela.com/public/backEnd/assets/css/custom.css
3	1	0	1	0	29305009	29305009	0	29305009	29305009	0	9070	https://demo.clothingandfashion.acharmela.com/admin/products/12/edit
3	1	0	0	0	29307607	0	0	29307607	0	0	3180	https://demo.clothingandfashion.acharmela.com/category/womens-fashion
3	1	0	0	0	29305783	0	0	29305783	0	0	29739	https://demo.clothingandfashion.acharmela.com/products/hats-&-caps
3	1	0	1	0	29305004	29305004	0	29305004	29305004	0	8973	https://demo.clothingandfashion.acharmela.com/admin/products/2/edit
3	1	0	0	0	29305419	0	0	29305419	0	0	15612	https://demo.clothingandfashion.acharmela.com/products/smart-phone
3	9	0	0	0	29305002	0	0	29305001	0	0	385457	https://demo.clothingandfashion.acharmela.com/admin/dashboard
3	1	0	1	0	29305011	29305011	0	29305011	29305011	0	9093	https://demo.clothingandfashion.acharmela.com/admin/products/15/edit
3	1	0	0	0	29315965	0	0	29315965	0	0	10658	https://www.google.com/
3	1	0	1	0	29305005	29305005	0	29305005	29305005	0	9003	https://demo.clothingandfashion.acharmela.com/admin/products/5/edit
3	1	0	0	0	29308779	0	0	29308779	0	0	4459	https://demo.clothingandfashion.acharmela.com/products/mouse
3	2	0	0	0	29305490	0	0	29305490	0	0	2382	https://demo.clothingandfashion.acharmela.com/category/gadgets
3	1	0	0	0	29315965	0	0	29315965	0	0	11823	https://demo.clothingandfashion.acharmela.com/search?keyword=Bag
3	1	0	1	0	29305007	29305007	0	29305007	29305007	0	9038	https://demo.clothingandfashion.acharmela.com/admin/products/8/edit
3	329	0	0	0	29315965	0	0	29304997	0	0	7873193	https://demo.clothingandfashion.acharmela.com/
3	4	0	0	0	29305358	0	0	29305358	0	0	23525	https://demo.clothingandfashion.acharmela.com/page/refund-&-return-policy
3	2	0	0	0	29305001	0	0	29305001	0	0	354744	https://demo.clothingandfashion.acharmela.com/public/backEnd/assets/css/icons.min.css
3	50	17	0	0	29305011	0	0	29305002	0	0	482340	https://demo.clothingandfashion.acharmela.com/admin/products/manage
3	1	0	0	0	29305843	0	0	29305843	0	0	27325	https://demo.clothingandfashion.acharmela.com/products/casual-shoes
3	1	0	1	0	29305008	29305008	0	29305008	29305008	0	9046	https://demo.clothingandfashion.acharmela.com/admin/products/10/edit
4	0	0	0	1	0	0	29314520	0	0	29314520	0	Mozilla/5.0 (iPhone; CPU iPhone OS 12_4 like Mac OS X) AppleWebKit/605.1.15 (KHTML, like Gecko) Mobile/15E148 MicroMessenger/7.0.4(0x17000428) NetType/WIFI Language/zh_CN
4	129	3	0	0	29305093	0	0	29305093	0	0	3921351	Mozilla/5.0 (iPhone; CPU iPhone OS 18_5 like Mac OS X) AppleWebKit/605.1.15 (KHTML, like Gecko) CriOS/138.0.7204.156 Mobile/15E148 Safari/604.1
4	1	1	0	0	29305168	0	0	29305168	0	0	12839	Mozilla/5.0 (X11; Linux x86_64; rv:83.0) Gecko/20100101 Firefox/83.0
4	4	2	0	0	29306980	0	0	29306315	0	0	700622	Mozilla/5.0 (compatible; InternetMeasurement/1.0; +https://internet-measurement.com/)
4	0	0	0	1	0	0	29305863	0	0	29305863	0	Mozilla/5.0 (Windows; U; Windows NT 6.0; en-US) AppleWebKit/534.14 (KHTML, like Gecko) Chrome/9.0.601.0 Safari/534.14
4	63	1	0	8	29305833	0	29306152	29305147	0	29305514	702929	Mozilla/5.0 (Linux; Android 6.0.1; Nexus 5X Build/MMB29P) AppleWebKit/537.36 (KHTML, like Gecko) Chrome/140.0.7339.127 Mobile Safari/537.36 (compatible; GoogleOther)
4	46	1	0	0	29305312	0	0	29305312	0	0	1354235	Mozilla/5.0 (X11; Linux x86_64) AppleWebKit/537.36 (KHTML, like Gecko) Chrome/119.0.0.0 Safari/537.36
4	161	2	3	33	29311164	29309085	29311168	29305322	29305350	29305350	1672716	Mozilla/5.0 (Linux; Android 6.0.1; Nexus 5X Build/MMB29P) AppleWebKit/537.36 (KHTML, like Gecko) Chrome/140.0.7339.127 Mobile Safari/537.36 (compatible; Googlebot/2.1; +http://www.google.com/bot.html)
4	105	0	0	3	29320377	0	29314348	29305147	0	29311285	947848	Mozilla/5.0 (Linux; Android 6.0.1; Nexus 5X Build/MMB29P) AppleWebKit/537.36 (KHTML, like Gecko) Chrome/139.0.7258.127 Mobile Safari/537.36 (compatible; Googlebot/2.1; +http://www.google.com/bot.html)
4	29	29	0	0	29320136	0	0	29305212	0	0	372242	Mozilla/5.0 (X11; Linux i686; rv:109.0) Gecko/20100101 Firefox/120.0
4	176	2	2	110	29315929	29307948	29316796	29307875	29307876	29307875	5349768	Mozilla/5.0 AppleWebKit/537.36 (KHTML, like Gecko; compatible; GPTBot/1.2; +https://openai.com/gptbot)
4	0	0	0	1	0	0	29305859	0	0	29305859	0	Mozilla/5.0 (PLAYSTATION 3; 2.00)
4	0	0	0	1	0	0	29314950	0	0	29314950	0	Mozilla/5.0 (U; Linux x86_64) Gecko/20130401 Firefox/45.9
4	1	1	0	0	29305323	0	0	29305323	0	0	12834	Mozilla/5.0 (Linux; Android 6.0.1; Nexus 5X Build/MMB29P) AppleWebKit/537.36 (KHTML, like Gecko) Chrome/99.0.4844.84 Mobile Safari/537.36 (compatible; Googlebot/2.1; +http://www.google.com/bot.html)
4	36	4	0	2	29308834	0	29305727	29305587	0	29305726	743409	Mozilla/5.0 (Linux; Android 6.0; Nexus 5 Build/MRA58N) AppleWebKit/537.36 (KHTML, like Gecko) Chrome/130.0.0.0 Mobile Safari/537.36
4	11	3	0	0	29319696	0	0	29306179	0	0	1655796	Mozilla/5.0 (compatible; CensysInspect/1.1; +https://about.censys.io/)
4	7	1	0	0	29320067	0	0	29305146	0	0	12979	Mozilla/5.0 (compatible; Googlebot/2.1; +http://www.google.com/bot.html)
4	3	3	0	78	29306082	0	29307221	29304984	0	29304983	14247	Go-http-client/1.1
4	159	19	17	6	29305370	29305011	29305001	29304997	29305001	29304995	4550953	Mozilla/5.0 (Windows NT 10.0; Win64; x64) AppleWebKit/537.36 (KHTML, like Gecko) Chrome/140.0.0.0 Safari/537.36
4	4	2	0	0	29306489	0	0	29306419	0	0	29157	Mozilla/5.0 (Windows NT 10.0; Win64; x64) AppleWebKit/537.36 (KHTML, like Gecko) Chrome/137.0.0.0 Safari/537.36
4	6	0	0	0	29305324	0	0	29305324	0	0	58309	Mozilla/5.0 AppleWebKit/537.36 (KHTML, like Gecko; compatible; Googlebot/2.1; +http://www.google.com/bot.html) Chrome/139.0.7258.127 Safari/537.36
4	2	1	0	0	29305240	0	0	29305240	0	0	12863	Mozilla/5.0 (Linux; Android 10; K) AppleWebKit/537.36 (KHTML, like Gecko) Chrome/137.0.0.0 Mobile Safari/537.36
4	2	1	0	0	29305168	0	0	29305168	0	0	12832	Mozilla/5.0 (Macintosh; Intel Mac OS X 10_9_2) AppleWebKit/537.36 (KHTML, like Gecko) Chrome/33.0.1750.152 Safari/537.36
4	2	0	0	0	29305324	0	0	29305324	0	0	339221	Googlebot-Image/1.0
4	41	0	0	0	29320540	0	0	29307875	0	0	629352	Mozilla/5.0 (Macintosh; Intel Mac OS X 10_15_7) AppleWebKit/537.36 (KHTML, like Gecko) Chrome/131.0.0.0 Safari/537.36; compatible; OAI-SearchBot/1.0; +https://openai.com/searchbot
4	44	1	0	0	29305168	0	0	29305168	0	0	1331965	Mozilla/5.0 (X11; Linux x86_64) AppleWebKit/537.36 (KHTML, like Gecko) Chrome/132.0.0.0 Safari/537.36
4	0	0	0	1	0	0	29305574	0	0	29305574	0	Mozilla/5.0 (Macintosh; Intel Mac OS X 10_14_0) AppleWebKit/537.36 (KHTML, like Gecko) Chrome/74.0.3729.131 Safari/537.36
4	2	1	0	0	29305011	0	0	29305011	0	0	484312	WhatsApp/2.2535.3 W
4	0	0	0	1	0	0	29314838	0	0	29314838	0	Mozilla/5.0 (Windows NT 10.0; WOW64) AppleWebKit/537.36 (KHTML, like Gecko) Chrome/73.0.3683.103 Safari/537.36
4	2	2	0	0	29305149	0	0	29305148	0	0	25670	Scrapy/2.12.0 (+https://scrapy.org)
4	37	0	0	0	29315965	0	0	29315965	0	0	761169	Mozilla/5.0 (Linux; Android 10; K) AppleWebKit/537.36 (KHTML, like Gecko) Chrome/138.0.0.0 Mobile Safari/537.36 (compatible; Google-Read-Aloud; +https://support.google.com/webmasters/answer/1061943)
4	0	0	0	2	0	0	29304984	0	0	29304984	0	Mozilla/5.0 (l9scan/2.0.63e2130323e2834323e2136313; +https://leakix.net)
4	2	2	0	0	29304983	0	0	29304983	0	0	2786	Mozilla/5.0 (Linux; Android 6.0; HTC One M9 Build/MRA439600) AppleWebKit/537.36 (KHTML, like Gecko) Chrome/52.0.2717.98 Mobile Safari/537.3
4	56	1	0	0	29315965	0	0	29315965	0	0	1378690	Mozilla/5.0 (Linux; Android 10; K) AppleWebKit/537.36 (KHTML, like Gecko) Chrome/140.0.0.0 Mobile Safari/537.36
4	45	1	0	0	29305312	0	0	29305312	0	0	1016758	Mozilla/5.0 (Macintosh; Intel Mac OS X 10_15_7) AppleWebKit/537.36 (KHTML, like Gecko) Chrome/119.0.0.0 Safari/537.36
4	1	1	0	0	29310762	0	0	29310762	0	0	12835	Mozilla/5.0 (Macintosh; Intel Mac OS X 11) AppleWebKit/616.16 (KHTML, like Gecko) Version/17.0.90 Safari/616.16
4	88	2	0	0	29305101	0	0	29305097	0	0	2663921	Mozilla/5.0 (iPhone; CPU iPhone OS 14_6 like Mac OS X) AppleWebKit/605.1.15 (KHTML, like Gecko) Version/14.0.3 Mobile/15E148 Safari/604.1
4	88	2	0	0	29305101	0	0	29305097	0	0	2663920	Mozilla/5.0 (Macintosh; Intel Mac OS X 10_15_7) AppleWebKit/537.36 (KHTML, like Gecko) Chrome/113.0.0.0 Safari/537.36
4	1	1	0	5	29316044	0	29319268	29316044	0	29317334	146836	Hello from Palo Alto Networks, find out more about our scans in https://docs-cortex.paloaltonetworks.com/r/1/Cortex-Xpanse/Scanning-activity
4	1	0	0	0	29305168	0	0	29305168	0	0	1745	Mozilla/5.0 (Windows NT 10.0; Win64; x64) AppleWebKit/537.36 (KHTML, like Gecko) Chrome/99.0.4844.84 Safari/537.36
4	2	2	0	0	29305230	0	0	29305230	0	0	12833	Mozilla/5.0 (Windows NT 10.0; Win64; x64) AppleWebKit/537.36 (KHTML, like Gecko) Chrome/108.0.0.0 Safari/537.36
4	10	1	0	0	29305093	0	0	29305093	0	0	118884	Mozilla/5.0 (Linux; Android 6.0.1; Nexus 5X Build/MMB29P) AppleWebKit/537.36 (KHTML, like Gecko) Chrome/139.0.7258.127 Mobile Safari/537.36
4	0	0	0	1	0	0	29314950	0	0	29314950	0	Mozilla/5.0 (Windows NT 10.0; Win64; x64; rv:81.0) Gecko/20100101 Firefox/81.0
4	2	2	0	0	29314695	0	0	29314695	0	0	25669	Mozilla/5.0 (compatible; UGAResearchAgent/1.0; Please visit: NISLabUGA.github.io)
4	0	0	0	1	0	0	29306078	0	0	29306078	0	Mozilla/5.0 (Macintosh; Intel Mac OS X 10_14_2) AppleWebKit/537.36 (KHTML, like Gecko) Chrome/76.0.3809.84 Safari/537.36
4	4	2	0	0	29309567	0	0	29306585	0	0	700623	Mozilla/5.0 (X11; Linux x86_64) AppleWebKit/537.36 (KHTML, like Gecko) Chrome/139.0.0.0 Safari/537.36
4	16	3	0	0	29316792	0	0	29307873	0	0	185014	Mozilla/5.0 AppleWebKit/537.36 (KHTML, like Gecko); compatible; ChatGPT-User/1.0; +https://openai.com/bot
5	1	1	0	0	29305342	0	0	29305342	0	0	12838	23.27.145.221
5	1	0	0	0	29310308	0	0	29310308	0	0	14301	20.27.94.131
5	1	1	0	0	29320117	0	0	29320117	0	0	12839	23.27.145.57
5	1	1	0	14	29315929	0	29316796	29315929	0	29315929	12833	20.171.207.44
5	0	0	0	1	0	0	29317354	0	0	29317354	0	198.235.24.134
5	1	1	0	0	29311105	0	0	29311105	0	0	12829	149.57.180.123
5	10	0	0	0	29315965	0	0	29315965	0	0	76448	64.233.173.156
5	1	1	0	0	29315787	0	0	29315787	0	0	12836	23.27.145.53
5	13	0	0	0	29315965	0	0	29315965	0	0	327302	64.233.173.155
5	1	0	0	0	29310626	0	0	29310626	0	0	10654	172.178.141.115
5	14	0	0	0	29315965	0	0	29315965	0	0	357419	64.233.173.154
5	2	2	0	0	29308148	0	0	29305314	0	0	25673	149.57.180.119
5	4	0	0	0	29307875	0	0	29307875	0	0	71537	20.169.6.239
5	1	1	0	0	29310626	0	0	29310626	0	0	12835	172.178.141.114
5	1	1	0	0	29308158	0	0	29308158	0	0	12842	23.27.145.211
5	1	0	0	0	29315928	0	0	29315928	0	0	10665	20.169.6.235
5	1	0	0	0	29313245	0	0	29313245	0	0	10664	52.187.246.129
5	46	1	0	0	29305312	0	0	29305312	0	0	1354235	149.57.180.111
5	1	1	0	0	29305213	0	0	29305213	0	0	12830	149.57.180.110
5	81	0	1	14	29320377	29306351	29311474	29305146	29306351	29305551	866490	66.249.72.71
5	2	0	0	0	29305826	0	0	29305771	0	0	11673	66.249.72.69
5	186	4	1	15	29320377	29305350	29310885	29305147	29305350	29305350	2075526	66.249.72.70
5	2	0	0	0	29307875	0	0	29307875	0	0	16049	20.169.6.224
5	88	2	0	0	29305101	0	0	29305101	0	0	2663915	54.213.173.130
5	2	0	0	0	29307875	0	0	29307875	0	0	26294	172.182.209.222
5	76	1	1	15	29320067	29309085	29314348	29305147	29309085	29305583	793147	66.249.72.64
5	0	0	0	2	0	0	29314838	0	0	29314520	0	93.123.109.7
5	174	1	2	96	29308064	29307948	29308118	29307875	29307876	29307875	5336911	20.171.207.14
5	88	2	0	0	29305097	0	0	29305097	0	0	2663926	35.160.203.129
5	1	1	0	0	29306315	0	0	29306315	0	0	12841	185.247.137.198
5	2	0	0	0	29307875	0	0	29307875	0	0	25448	20.14.99.105
5	5	0	0	0	29307875	0	0	29307875	0	0	41478	172.182.209.213
5	4	1	0	0	29306180	0	0	29306179	0	0	689532	199.45.155.67
5	0	0	0	1	0	0	29305574	0	0	29305574	0	34.228.188.102
5	1	0	0	0	29316793	0	0	29316793	0	0	10654	172.182.194.38
5	43	1	0	0	29305093	0	0	29305093	0	0	1307119	104.253.247.10
5	1	1	0	0	29316044	0	0	29316044	0	0	146836	198.235.24.244
5	3	0	0	0	29307875	0	0	29307875	0	0	23963	172.182.224.6
5	1	0	0	0	29312981	0	0	29312981	0	0	14364	4.151.241.251
5	48	3	0	0	29305168	0	0	29305168	0	0	1359381	54.247.57.72
5	56	1	0	0	29315965	0	0	29315965	0	0	1378690	43.231.76.34
5	0	0	0	1	0	0	29317352	0	0	29317352	0	198.235.24.230
5	1	0	0	0	29316792	0	0	29316792	0	0	10651	4.196.118.117
5	1	0	0	0	29315490	0	0	29315490	0	0	10662	68.218.30.127
5	2	1	0	0	29305240	0	0	29305240	0	0	12863	133.242.174.119
5	43	1	0	0	29305093	0	0	29305093	0	0	1307115	104.252.110.131
5	1	0	0	0	29305093	0	0	29305093	0	0	10809	74.125.216.71
5	0	0	0	2	0	0	29307221	0	0	29306083	0	45.148.10.246
5	9	1	0	0	29305093	0	0	29305093	0	0	108075	74.125.216.70
5	1	0	0	0	29310575	0	0	29310575	0	0	10650	4.196.118.113
5	1	0	0	0	29306980	0	0	29306980	0	0	337476	87.236.176.213
5	4	4	0	0	29307353	0	0	29305491	0	0	590032	51.81.46.212
5	6	0	0	0	29307875	0	0	29307875	0	0	369804	172.182.195.53
5	1	1	0	0	29320117	0	0	29320117	0	0	12834	23.27.145.136
5	1	1	0	0	29311095	0	0	29311095	0	0	12835	23.27.145.134
5	43	1	0	0	29305093	0	0	29305093	0	0	1307117	104.253.247.244
5	0	0	0	3	0	0	29306078	0	0	29305859	0	213.209.157.232
5	160	19	17	6	29305011	29305011	29305001	29304997	29305001	29304995	4888429	103.166.59.148
5	4	1	0	0	29319696	0	0	29319696	0	0	689533	199.45.155.109
5	1	1	0	0	29306769	0	0	29306769	0	0	12830	23.27.145.126
5	1	1	0	0	29315896	0	0	29315896	0	0	12839	149.57.180.183
5	0	0	0	1	0	0	29319268	0	0	29319268	0	147.185.132.51
5	1	1	0	0	29314695	0	0	29314695	0	0	12835	128.192.12.120
5	1	1	0	0	29310762	0	0	29310762	0	0	12835	91.134.91.17
5	1	1	0	0	29311044	0	0	29311044	0	0	12835	149.57.180.8
5	2	1	0	0	29309567	0	0	29309567	0	0	350310	134.209.229.146
5	4	0	0	0	29307875	0	0	29307875	0	0	33196	172.182.193.88
5	3	3	0	19	29304984	0	29304984	29304983	0	29304984	3485	165.22.34.189
5	0	0	0	1	0	0	29317361	0	0	29317361	0	198.235.24.49
5	3	3	0	19	29304984	0	29304984	29304983	0	29304983	3497	138.197.191.87
5	2	1	0	0	29306585	0	0	29306585	0	0	350313	159.65.33.193
5	1	0	0	0	29308186	0	0	29308186	0	0	24	104.210.140.143
5	1	1	0	0	29305370	0	0	29305370	0	0	146836	64.15.129.107
5	1	1	0	0	29308214	0	0	29308214	0	0	12831	149.57.180.171
5	1	0	0	0	29309342	0	0	29309342	0	0	24	104.210.140.141
5	1	0	0	0	29307875	0	0	29307875	0	0	24	4.227.36.91
5	1	1	0	0	29314695	0	0	29314695	0	0	12834	128.192.12.107
5	1	0	0	0	29311731	0	0	29311731	0	0	24	104.210.140.138
5	2	0	0	0	29316947	0	0	29315743	0	0	48	104.210.140.137
5	1	1	0	0	29305437	0	0	29305437	0	0	148180	135.148.100.196
5	1	0	0	0	29310505	0	0	29310505	0	0	24	104.210.140.136
5	2	1	0	0	29311015	0	0	29311015	0	0	23487	138.91.30.51
5	1	1	0	0	29320106	0	0	29320106	0	0	12839	23.27.145.104
5	1	0	0	0	29316784	0	0	29316784	0	0	10666	138.91.30.48
5	1	1	0	40	29306082	0	29306082	29306082	0	29306082	12837	213.232.87.234
5	1	1	0	0	29315792	0	0	29315792	0	0	12836	23.27.145.94
5	1	1	0	0	29315832	0	0	29315832	0	0	12834	149.57.180.163
5	1	1	0	0	29306768	0	0	29306768	0	0	12836	149.57.180.36
5	1	0	0	0	29318147	0	0	29318147	0	0	24	104.210.140.133
5	1	1	0	0	29320136	0	0	29320136	0	0	12839	149.57.180.161
5	2	0	0	0	29320540	0	0	29314543	0	0	48	104.210.140.132
5	1	0	0	0	29312971	0	0	29312971	0	0	24	104.210.140.129
5	1	0	0	0	29319341	0	0	29319341	0	0	24	104.210.140.128
5	1	1	0	0	29320106	0	0	29320106	0	0	12835	149.57.180.156
5	1	1	0	0	29311014	0	0	29311014	0	0	12839	23.27.145.250
5	1	1	0	0	29308212	0	0	29308212	0	0	12835	23.27.145.85
5	36	4	0	2	29308834	0	29305727	29305587	0	29305726	743409	185.203.132.199
5	0	0	0	2	0	0	29314950	0	0	29314950	0	103.109.103.44
5	2	1	0	0	29306489	0	0	29306489	0	0	14580	179.43.189.86
5	1	0	0	0	29312050	0	0	29312050	0	0	10656	20.204.24.244
5	1	1	0	0	29311014	0	0	29311014	0	0	12833	23.27.145.77
5	45	1	0	0	29305312	0	0	29305312	0	0	1016758	23.27.145.76
5	0	0	0	1	0	0	29317334	0	0	29317334	0	198.235.24.150
5	1	1	0	0	29315829	0	0	29315829	0	0	12838	149.57.180.14
5	1	1	0	0	29306980	0	0	29306980	0	0	12829	185.247.137.252
5	1	1	0	0	29305212	0	0	29305212	0	0	12837	149.57.180.137
5	1	0	0	0	29306315	0	0	29306315	0	0	337476	185.247.137.70
5	1	1	0	0	29315924	0	0	29315924	0	0	12844	23.27.145.66
5	2	2	0	0	29305149	0	0	29305148	0	0	25670	34.90.72.216
5	1	1	0	0	29305230	0	0	29305230	0	0	12833	195.211.77.142
5	1	1	0	0	29306688	0	0	29306688	0	0	12844	23.27.145.224
5	1	0	0	0	29309129	0	0	29309129	0	0	11285	20.27.94.134
5	1	1	0	0	29308977	0	0	29308977	0	0	12837	20.194.157.181
5	1	0	0	0	29307873	0	0	29307873	0	0	10649	20.27.94.133
5	3	1	0	0	29306194	0	0	29306193	0	0	276731	167.94.138.62
5	2	1	0	0	29306419	0	0	29306419	0	0	14577	198.44.136.218
5	1	1	0	0	29311092	0	0	29311092	0	0	12834	23.27.145.59
5	1	1	0	0	29306692	0	0	29306692	0	0	12828	23.27.145.60
5	1	1	0	0	29305230	0	0	29305230	0	0	0	195.211.77.140
5	1	0	0	0	29308977	0	0	29308977	0	0	10653	20.194.157.179
z	0	4	3	29308834	0
z	2	40	0	29320540	1257
z	3	98	2	29320377	53436
z	4	452	4	29319696	2022880
z	5	712	90	29320377	11056700
z	6	90	8	29319696	22246857
c	200	1396	29320540
c	301	3	29309085
c	302	19	29307948
c	403	16	29314950
c	404	109	29319268
c	405	7	29310736
c	500	123	29316796
